1017 
963
1099
1203
1344
1351
1361
1401
1366
1391
1204
1341
1082
1172
1480
1514
1770
1684
1654
1787
1587
1530
1506
1565
1368
1428
1692
1753
2057
1923
1840
2059
1886
1862
1887
1932
1758
1823
2153
2073
2535
2340
2192
2334
2141
2317
1963
1939
1873
1857
2186
2166
2432
2300
2369
2412
2186
2367
1958
1969
1781
1859
2116
2188
2371
2264
2187
2097
2113
2637
1747
1776
1568
1803
2104
1780
1900
1923
1833
1780
1742
1691
1495
1560
1321
1549
1950
1784
2139
1885
1867
1947
1715
1732
1629
1707
1402
1648
2049
1873
2166
2022
1898
2135
2085
1911
1774
1766
1502
1788
2091
2031
2343
2096
1860
1887
1664
1777
1695
1707
1462
1588
1773
1902
2034
1945
1841
1908
1796
1853
